sample	reads_total	reads_ok	reads_ok_ratio	duplicates	duplicate_ratio	mapped	mapped_ratio	paired	paired_ratio	chimeric	chimeric_ratio	on_bait	on_bait_ratio	clipped	clipped_ratio
PD53330a	173878600	121243207	0.6973	48938515	0.2815	119979547	0.9896	118569195	0.9779	617156	0.0051	81220326	0.6699	611620	0.0050
PD53330b	222796808	160359824	0.7198	58853668	0.2642	160228967	0.9992	158843574	0.9905	759988	0.0047	107985154	0.6734	747430	0.0047
PD53330c	165277430	124618307	0.7540	37623545	0.2276	124446354	0.9986	122918793	0.9864	776334	0.0062	79500297	0.6380	617612	0.0050
PD53331a	226642106	155692245	0.6870	67158042	0.2963	155540629	0.9990	154044098	0.9894	821034	0.0053	97320420	0.6251	739512	0.0047
PD53331b	177847903	136470763	0.7673	38074882	0.2141	136330755	0.9990	134990444	0.9892	754339	0.0055	90447401	0.6628	683885	0.0050
PD53332a	160078827	112662912	0.7038	44077575	0.2753	111548726	0.9901	110326165	0.9793	604758	0.0054	76667060	0.6805	572665	0.0051
PD53332b	188409963	144551014	0.7672	40506329	0.2150	144386256	0.9989	143091633	0.9899	710538	0.0049	97269002	0.6729	699962	0.0048
PD53332c	189041088	135410167	0.7163	49582873	0.2623	133678748	0.9872	131962814	0.9745	799471	0.0059	87836839	0.6487	702426	0.0052
PD53332d	218385273	154152490	0.7059	60199876	0.2757	153966883	0.9988	151944886	0.9857	1094867	0.0071	96835276	0.6282	776379	0.0050
PD53332e	219895421	160002867	0.7276	54205394	0.2465	159817906	0.9988	154528047	0.9658	3724814	0.0233	97811511	0.6113	1208943	0.0076
PD53333a	193120591	135446342	0.7014	54109423	0.2802	134928334	0.9962	133180127	0.9833	1038542	0.0077	95282695	0.7035	670343	0.0049
PD53333b	179832898	136874648	0.7611	39860736	0.2217	136730413	0.9989	135535789	0.9902	647413	0.0047	91032864	0.6651	661141	0.0048
PD53333c	161616910	116732860	0.7223	40728336	0.2520	114544272	0.9813	112715343	0.9656	774290	0.0066	75858383	0.6498	673728	0.0058
PD53333d	249341894	166873518	0.6693	76475579	0.3067	164501956	0.9858	161054388	0.9651	1824445	0.0109	110786692	0.6639	1006488	0.0060
PD53333e	172053309	125267514	0.7281	42416410	0.2465	124020845	0.9900	120851470	0.9647	1852724	0.0148	81227171	0.6484	803005	0.0064
PD53333f	204224559	139865506	0.6849	60543784	0.2965	139682674	0.9987	138054266	0.9871	977630	0.0070	93809138	0.6707	677531	0.0048
PD53334a	189455631	131500781	0.6941	54198369	0.2861	131262185	0.9982	129396461	0.9840	1062936	0.0081	88319039	0.6716	637259	0.0048
PD53334b	157216963	121417440	0.7723	33124626	0.2107	121302062	0.9990	120310504	0.9909	524320	0.0043	80683321	0.6645	575001	0.0047
PD53335a	198183809	140619837	0.7095	53497465	0.2699	140030722	0.9958	138298717	0.9835	984988	0.0070	96890639	0.6890	676825	0.0048
PD53335b	154809151	118345063	0.7645	33735299	0.2179	118216645	0.9989	117309816	0.9913	455389	0.0038	80060827	0.6765	550338	0.0047
PD53335c	155373895	110422582	0.7107	40574368	0.2611	107821072	0.9764	106279135	0.9625	637579	0.0058	69906500	0.6331	647452	0.0059
PD53335d	153409591	106152204	0.6920	40544582	0.2643	100127928	0.9432	98221996	0.9253	493762	0.0047	64431721	0.6070	813134	0.0077
PD53335e	179369194	131820067	0.7349	44208075	0.2465	131714300	0.9992	129967419	0.9859	1079085	0.0082	91122092	0.6913	657833	0.0050
PD53336a	191512797	138908167	0.7253	49138174	0.2566	138314371	0.9957	136733508	0.9843	917352	0.0066	94840027	0.6828	632711	0.0046
PD53336c	243957654	168139864	0.6892	70340431	0.2883	166301991	0.9891	163464713	0.9722	1488487	0.0089	106096661	0.6310	953544	0.0057
PD53336d	200025584	141658599	0.7082	53276122	0.2663	139403562	0.9841	136949656	0.9668	968759	0.0068	90654095	0.6399	818856	0.0058
PD53336e	201365425	149084420	0.7404	48113747	0.2389	147682703	0.9906	145381546	0.9752	1126142	0.0076	92850632	0.6228	812470	0.0054
PD53336f	188588923	131751215	0.6986	53562820	0.2840	131585985	0.9987	130304991	0.9890	696748	0.0053	90336209	0.6857	594497	0.0045
PD53337a	209166533	146998074	0.7028	58263475	0.2786	146785171	0.9986	145200420	0.9878	926598	0.0063	100766097	0.6855	687383	0.0047
PD53337b	186501909	142566471	0.7644	40727059	0.2184	142379635	0.9987	141104531	0.9897	641855	0.0045	98268569	0.6893	667168	0.0047
PD53337c	198377500	140538606	0.7084	54342430	0.2739	140374993	0.9988	138949389	0.9887	825590	0.0059	92537893	0.6585	641070	0.0046
PD53338a	190507558	136193567	0.7149	51107817	0.2683	136034680	0.9988	134705802	0.9891	726616	0.0053	88477476	0.6496	624738	0.0046
PD53338b	172740954	132499670	0.7670	37393304	0.2165	132357436	0.9989	131256910	0.9906	593989	0.0045	90936599	0.6863	627084	0.0047
PD53339a	169138119	119900461	0.7089	46413482	0.2744	119747899	0.9987	118645453	0.9895	597068	0.0050	77134427	0.6433	557148	0.0046
PD53339b	223649041	165011756	0.7378	54607028	0.2442	164832130	0.9989	163474757	0.9907	707848	0.0043	109918269	0.6661	790970	0.0048
PD53340a	166233015	120193146	0.7230	43195460	0.2598	120068381	0.9990	118849242	0.9888	708038	0.0059	79553700	0.6619	556024	0.0046
PD53341a	157618358	115099647	0.7302	39888971	0.2531	114960498	0.9988	113897182	0.9896	590453	0.0051	74082809	0.6436	525330	0.0046
PD53341b	180795228	140747486	0.7785	36785430	0.2035	140553182	0.9986	139235932	0.9893	729289	0.0052	95476395	0.6784	694131	0.0049
PD53342a	172798972	125211802	0.7246	44860611	0.2596	125059105	0.9988	124040083	0.9906	546939	0.0044	81114359	0.6478	565684	0.0045
PD53342b	239426316	178937269	0.7474	56326905	0.2353	178703778	0.9987	177359952	0.9912	710214	0.0040	121642011	0.6798	795422	0.0044
PD53343a	169359149	123207681	0.7275	42541931	0.2512	122389475	0.9934	120776596	0.9803	918045	0.0075	85822812	0.6966	628354	0.0051
PD53343b	283167642	203589604	0.7190	74983657	0.2648	203412254	0.9991	201879177	0.9916	769518	0.0038	133636267	0.6564	950350	0.0047
PD53343c	218633771	156529621	0.7159	57466688	0.2628	155217595	0.9916	153183496	0.9786	1075317	0.0069	103719671	0.6626	799750	0.0051
PD53343d	268159454	177016266	0.6601	85060800	0.3172	174146298	0.9838	171897792	0.9711	1029562	0.0058	109615424	0.6192	955648	0.0054
PD53343e	220905091	156313072	0.7076	59831319	0.2708	154354051	0.9875	152408921	0.9750	961632	0.0062	97249655	0.6221	823623	0.0053
PD53343f	157983898	113988717	0.7215	39089864	0.2474	110406412	0.9686	108548029	0.9523	716546	0.0063	69535130	0.6100	724001	0.0064
PD53343g	189021008	131637293	0.6964	52013390	0.2752	127919065	0.9718	125902063	0.9564	816577	0.0062	79989647	0.6077	810411	0.0062
PD53343h	184211822	134626726	0.7308	46334483	0.2515	134472356	0.9989	133207046	0.9895	733619	0.0054	88965543	0.6608	615165	0.0046
PD53343i	216163171	153022613	0.7079	59219816	0.2740	152824109	0.9987	151259810	0.9885	909536	0.0059	103172706	0.6742	709519	0.0046
PD53344a	137475888	101997354	0.7419	33122882	0.2409	101814314	0.9982	100738501	0.9877	630352	0.0062	69964402	0.6859	465239	0.0046
PD53344c	199371835	138558141	0.6950	57417277	0.2880	138061090	0.9964	136590759	0.9858	820315	0.0059	88192190	0.6365	677887	0.0049
PD53344d	119200096	86575031	0.7263	25253408	0.2119	76969531	0.8890	74670746	0.8625	489423	0.0057	45255045	0.5227	896314	0.0104
PD53344e	158491984	114863316	0.7247	39051239	0.2464	111226417	0.9683	109611444	0.9543	622270	0.0054	68876963	0.5996	697726	0.0061
PD53344f	187526591	136299298	0.7268	47488578	0.2532	136145548	0.9989	133372975	0.9785	1690202	0.0124	89434544	0.6562	770264	0.0057
PD53345a	215805634	149877026	0.6945	62182089	0.2881	149711458	0.9989	148011339	0.9876	995845	0.0066	101458035	0.6769	716924	0.0048
PD53345b	260054087	191497003	0.7364	64018390	0.2462	191290025	0.9989	189669641	0.9905	828175	0.0043	124178758	0.6485	923930	0.0048
PD53346a	174554612	125862858	0.7211	45667687	0.2616	125700124	0.9987	124172059	0.9866	988746	0.0079	82888013	0.6586	609580	0.0048
PD53346b	190545841	141940833	0.7449	45553130	0.2391	141815709	0.9991	140795565	0.9919	515950	0.0036	96410620	0.6792	646587	0.0046
PD53347a	146753728	107024931	0.7293	36044189	0.2456	104774703	0.9790	103334583	0.9655	639760	0.0060	69907579	0.6532	608334	0.0057
PD53347b	152390716	117076953	0.7683	32715810	0.2147	116967881	0.9991	115967844	0.9905	433084	0.0037	76399197	0.6526	557492	0.0048
PD53347c	179741136	127766452	0.7108	49012726	0.2727	127644691	0.9990	126321241	0.9887	780374	0.0061	82064556	0.6423	596954	0.0047
PD53348a	178682119	132193607	0.7398	43241689	0.2420	131965620	0.9983	130606087	0.9880	750905	0.0057	85179462	0.6444	612562	0.0046
PD53348b	220664804	160623171	0.7279	56294403	0.2551	160480454	0.9991	159202760	0.9912	630670	0.0039	103983118	0.6474	754489	0.0047
PD53349a	184135087	131138960	0.7122	49398138	0.2683	130260343	0.9933	128689406	0.9813	880758	0.0067	87489112	0.6671	653143	0.0050
PD53349b	181790896	140100372	0.7707	38448885	0.2115	139915932	0.9987	138780733	0.9906	575934	0.0041	91844926	0.6556	689916	0.0049
PD53349c	187989384	136883623	0.7281	47447180	0.2524	136338902	0.9960	134771101	0.9846	919636	0.0067	91775364	0.6705	671531	0.0049
PD53349d	196100589	143361614	0.7311	49154493	0.2507	143189239	0.9988	141435402	0.9866	1082641	0.0076	90950103	0.6344	686806	0.0048
PD53349e	165081811	125018676	0.7573	37134604	0.2249	124879554	0.9989	123465058	0.9876	822338	0.0066	79898898	0.6391	605571	0.0048
PD53350a	173094041	125789772	0.7267	42890278	0.2478	123545687	0.9822	121670205	0.9673	904035	0.0072	79214087	0.6297	702732	0.0056
PD53350b	201405332	157138755	0.7802	40767741	0.2024	157002577	0.9991	155703408	0.9909	666183	0.0042	101602786	0.6466	766923	0.0049
PD53350c	208890522	149592399	0.7161	54770254	0.2622	147994586	0.9893	145706065	0.9740	1234169	0.0083	97378031	0.6510	826997	0.0055
PD53350d	204603472	148792917	0.7272	52275176	0.2555	148650406	0.9990	146942253	0.9876	856504	0.0058	92928401	0.6245	717235	0.0048
PD53350e	185047856	136435022	0.7373	45374755	0.2452	136282694	0.9989	134908258	0.9888	762287	0.0056	87248723	0.6395	642144	0.0047
PD53351a	212732423	154417677	0.7259	54546034	0.2564	154237250	0.9988	152496047	0.9876	1030575	0.0067	101016424	0.6542	732434	0.0047
PD53351b	191691435	146497623	0.7642	41711771	0.2176	146322247	0.9988	145109352	0.9905	598519	0.0041	95885841	0.6545	713090	0.0049
PD53352a	176589097	125568200	0.7111	47203351	0.2673	123873409	0.9865	122349438	0.9744	726670	0.0058	81870971	0.6520	644828	0.0051
PD53352b	212202070	157033843	0.7400	51419796	0.2423	156749691	0.9982	155489031	0.9902	620335	0.0040	102885511	0.6552	764882	0.0049
PD53352c	178250510	129093086	0.7242	45538923	0.2555	127802244	0.9900	126260373	0.9781	772707	0.0060	83105933	0.6438	628022	0.0049
PD53352d	168041707	124673342	0.7419	40342758	0.2401	124547981	0.9990	123047092	0.9870	958216	0.0077	77815488	0.6242	615402	0.0049
PD53352e	185773131	135907074	0.7316	46349502	0.2495	135750273	0.9988	134253612	0.9878	644201	0.0047	95385655	0.7018	634054	0.0047
PD53353a	200968453	148403831	0.7384	49080442	0.2442	148255248	0.9990	146625103	0.9880	928852	0.0063	102037060	0.6876	718407	0.0048
PD53353b	261092180	193634503	0.7416	62272797	0.2385	193388220	0.9987	191763184	0.9903	800627	0.0041	121150533	0.6257	954074	0.0049
PD53354a	165397808	128522767	0.7771	33898805	0.2050	128374283	0.9988	127231534	0.9900	625639	0.0049	88319142	0.6872	611054	0.0048
PD53354b	183268453	140426256	0.7662	39420522	0.2151	140275339	0.9989	139197591	0.9913	512577	0.0037	92151668	0.6562	682356	0.0049
PD53355a	181234929	129288820	0.7134	48090034	0.2653	128217397	0.9917	126391807	0.9776	1063048	0.0082	86679663	0.6704	708278	0.0055
PD53355b	192914620	140664960	0.7292	48637572	0.2521	140480350	0.9987	139363952	0.9908	541573	0.0039	91020378	0.6471	659946	0.0047
PD53355c	189271379	142182997	0.7512	43817683	0.2315	142056922	0.9991	140836683	0.9905	631875	0.0044	96492888	0.6787	660760	0.0046
PD53356a	105631092	78052416	0.7389	24874859	0.2355	76372894	0.9785	75233709	0.9639	521468	0.0067	50692659	0.6495	444900	0.0057
PD53356c	179041027	136068019	0.7600	39818586	0.2224	135910097	0.9988	134721899	0.9901	650996	0.0048	96066041	0.7060	640149	0.0047
PD53357a	172995734	125090003	0.7231	44788705	0.2589	124770199	0.9974	123316082	0.9858	865115	0.0069	85313849	0.6820	589683	0.0047
PD53357b	195917116	146025645	0.7453	46394799	0.2368	145829060	0.9987	144663206	0.9907	587450	0.0040	95909696	0.6568	692434	0.0047
PD53357c	183041628	141234723	0.7716	38395231	0.2098	141042512	0.9986	139504694	0.9878	841992	0.0060	95650186	0.6772	711147	0.0050
PD53357d	181793475	135889503	0.7475	42585449	0.2343	135717722	0.9987	134481078	0.9896	674100	0.0050	93172749	0.6857	662076	0.0049
PD53357e	168141385	132372877	0.7873	32660057	0.1942	132219805	0.9988	131133133	0.9906	561963	0.0042	89030439	0.6726	633917	0.0048
PD53358a	158177457	120076257	0.7591	35220201	0.2227	119941788	0.9989	118902157	0.9902	524302	0.0044	80400286	0.6696	572223	0.0048
PD53358b	219131841	162007982	0.7393	53370922	0.2436	161835202	0.9989	160566656	0.9911	640313	0.0040	103847477	0.6410	766582	0.0047
PD53359a	161525186	119673737	0.7409	38609752	0.2390	119314576	0.9970	117896775	0.9852	802548	0.0067	81817705	0.6837	577327	0.0048
PD53359b	183111952	136993869	0.7481	42934644	0.2345	136842943	0.9989	135741772	0.9909	560662	0.0041	90376397	0.6597	655163	0.0048
PD53359c	185991184	139571070	0.7504	43028622	0.2313	139434816	0.9990	138146404	0.9898	693565	0.0050	92298508	0.6613	690223	0.0049
PD53360a	170308426	130858301	0.7684	36329973	0.2133	130612658	0.9981	129491886	0.9896	576712	0.0044	87361705	0.6676	634847	0.0049
PD53361a	181112837	136686585	0.7547	40815702	0.2254	136450053	0.9983	134706855	0.9855	1057175	0.0077	89559246	0.6552	718797	0.0053
PD53361b	224604342	166583334	0.7417	54414731	0.2423	166429719	0.9991	165111976	0.9912	599523	0.0036	107334660	0.6443	769082	0.0046
PD53362a	178941358	136807907	0.7645	38743720	0.2165	136636629	0.9987	135103395	0.9875	844987	0.0062	92048681	0.6728	682708	0.0050
PD53362b	168660323	133161682	0.7895	32530235	0.1929	133044329	0.9991	132035118	0.9915	523329	0.0039	84916281	0.6377	636447	0.0048
PD53363a	165789072	127761758	0.7706	34979319	0.2110	127626902	0.9989	126575352	0.9907	533643	0.0042	87220947	0.6827	602090	0.0047
PD53363b	275751603	201903936	0.7322	69006910	0.2503	201674555	0.9989	200144031	0.9913	773372	0.0038	128774257	0.6378	951061	0.0047
PD53364a	165361349	118328821	0.7156	42655265	0.2580	115558113	0.9766	113919192	0.9627	689237	0.0058	77639778	0.6561	701765	0.0059
PD53364b	205045867	151715757	0.7399	49814737	0.2429	151550602	0.9989	150304426	0.9907	629900	0.0042	99306202	0.6546	731827	0.0048
PD53364c	257938769	191003973	0.7405	62396784	0.2419	190744442	0.9986	189080502	0.9899	843561	0.0044	123292712	0.6455	930396	0.0049
PD53365a	205665265	155405651	0.7556	46480708	0.2260	155241369	0.9989	153841170	0.9899	770638	0.0050	99951283	0.6432	754989	0.0049
PD53365b	203124507	152113113	0.7489	47411817	0.2334	151932210	0.9988	150709736	0.9908	596681	0.0039	99360755	0.6532	722214	0.0047
PD53366a	150431346	115691748	0.7691	32035581	0.2130	115543136	0.9987	114303770	0.9880	734047	0.0063	77199304	0.6673	588340	0.0051
PD53366b	252810197	184320151	0.7291	63969885	0.2530	184152422	0.9991	182668725	0.9910	772749	0.0042	119825847	0.6501	877019	0.0048
PD53367a	150907929	119014282	0.7887	29285174	0.1941	118876596	0.9988	117793917	0.9897	598655	0.0050	80114067	0.6731	589935	0.0050
PD53367b	282478162	196589863	0.6959	81232469	0.2876	196397465	0.9990	194896299	0.9914	729174	0.0037	129697778	0.6597	908796	0.0046
PD53368a	195728616	147338588	0.7528	44802409	0.2289	147166154	0.9988	145273486	0.9860	1215658	0.0083	96830433	0.6572	778927	0.0053
PD53368b	259860626	188048565	0.7237	67118983	0.2583	187815344	0.9988	186306537	0.9907	787369	0.0042	122681818	0.6524	906619	0.0048
PD53369a	184048076	135885516	0.7383	45049485	0.2448	135758412	0.9991	134604860	0.9906	614049	0.0045	88809974	0.6536	640946	0.0047
PD53369b	260963583	192688430	0.7384	63660489	0.2439	192462332	0.9988	190949484	0.9910	759908	0.0039	127390135	0.6611	920881	0.0048
